x:0.000000 0.100000 0.200000 0.300000 0.400000 0.500000 0.600000 0.700000 0.800000 0.900000 1.000000 1.100000 1.200000 1.300000 1.400000 1.500000 1.600000 1.700000 1.800000 1.900000 2.000000 
y:0.500000 0.525000 0.552563 0.583095 0.617095 0.655176 0.698101 0.746836 0.802612 0.867031 0.942205 1.030980 1.137272 1.266610 1.427041 1.630685 1.896599 2.256307 2.765400 3.530143 4.776334 
x:0.000000 0.050000 0.100000 0.150000 0.200000 0.250000 0.300000 0.350000 0.400000 0.450000 0.500000 0.550000 0.600000 0.650000 0.700000 0.750000 0.800000 0.850000 0.900000 0.950000 1.000000 1.050000 1.100000 1.150000 1.200000 1.250000 1.300000 1.350000 1.400000 1.450000 1.500000 1.550000 1.600000 1.650000 1.700000 1.750000 1.800000 1.850000 1.900000 1.950000 2.000000 
y:0.500000 0.512500 0.525633 0.539447 0.553997 0.569343 0.585551 0.602694 0.620856 0.640129 0.660618 0.682438 0.705725 0.730627 0.757318 0.785994 0.816883 0.850248 0.886395 0.925679 0.968523 1.015425 1.066980 1.123902 1.187060 1.257515 1.336583 1.425905 1.527565 1.644238 1.779414 1.937730 2.125470 2.351351 2.627794 2.973059 3.415012 3.998128 4.797379 5.948122 7.717129 
x:0.000000 0.010000 0.020000 0.030000 0.040000 0.050000 0.060000 0.070000 0.080000 0.090000 0.100000 0.110000 0.120000 0.130000 0.140000 0.150000 0.160000 0.170000 0.180000 0.190000 0.200000 0.210000 0.220000 0.230000 0.240000 0.250000 0.260000 0.270000 0.280000 0.290000 0.300000 0.310000 0.320000 0.330000 0.340000 0.350000 0.360000 0.370000 0.380000 0.390000 0.400000 0.410000 0.420000 0.430000 0.440000 0.450000 0.460000 0.470000 0.480000 0.490000 0.500000 0.510000 0.520000 0.530000 0.540000 0.550000 0.560000 0.570000 0.580000 0.590000 0.600000 0.610000 0.620000 0.630000 0.640000 0.650000 0.660000 0.670000 0.680000 0.690000 0.700000 0.710000 0.720000 0.730000 0.740000 0.750000 0.760000 0.770000 0.780000 0.790000 0.800000 0.810000 0.820000 0.830000 0.840000 0.850000 0.860000 0.870000 0.880000 0.890000 0.900000 0.910000 0.920000 0.930000 0.940000 0.950000 0.960000 0.970000 0.980000 0.990000 1.000000 1.010000 1.020000 1.030000 1.040000 1.050000 1.060000 1.070000 1.080000 1.090000 1.100000 1.110000 1.120000 1.130000 1.140000 1.150000 1.160000 1.170000 1.180000 1.190000 1.200000 1.210000 1.220000 1.230000 1.240000 1.250000 1.260000 1.270000 1.280000 1.290000 1.300000 1.310000 1.320000 1.330000 1.340000 1.350000 1.360000 1.370000 1.380000 1.390000 1.400000 1.410000 1.420000 1.430000 1.440000 1.450000 1.460000 1.470000 1.480000 1.490000 1.500000 1.510000 1.520000 1.530000 1.540000 1.550000 1.560000 1.570000 1.580000 1.590000 1.600000 1.610000 1.620000 1.630000 1.640000 1.650000 1.660000 1.670000 1.680000 1.690000 1.700000 1.710000 1.720000 1.730000 1.740000 1.750000 1.760000 1.770000 1.780000 1.790000 1.800000 1.810000 1.820000 1.830000 1.840000 1.850000 1.860000 1.870000 1.880000 1.890000 1.900000 1.910000 1.920000 1.930000 1.940000 1.950000 1.960000 1.970000 1.980000 1.990000 2.000000 
y:0.500000 0.502500 0.505025 0.507576 0.510152 0.512754 0.515384 0.518040 0.520723 0.523435 0.526175 0.528943 0.531741 0.534569 0.537426 0.540315 0.543234 0.546185 0.549168 0.552184 0.555233 0.558316 0.561433 0.564585 0.567773 0.570996 0.574257 0.577555 0.580890 0.584265 0.587678 0.591132 0.594626 0.598162 0.601740 0.605361 0.609026 0.612735 0.616489 0.620290 0.624137 0.628033 0.631977 0.635971 0.640016 0.644112 0.648261 0.652463 0.656720 0.661033 0.665403 0.669830 0.674317 0.678864 0.683472 0.688144 0.692879 0.697680 0.702548 0.707483 0.712489 0.717565 0.722714 0.727937 0.733236 0.738613 0.744068 0.749604 0.755223 0.760927 0.766717 0.772596 0.778565 0.784626 0.790783 0.797036 0.803389 0.809843 0.816402 0.823067 0.829841 0.836728 0.843729 0.850847 0.858087 0.865450 0.872940 0.880560 0.888314 0.896205 0.904237 0.912413 0.920738 0.929216 0.937850 0.946646 0.955607 0.964739 0.974046 0.983534 0.993208 1.003072 1.013134 1.023398 1.033872 1.044560 1.055472 1.066612 1.077988 1.089609 1.101481 1.113614 1.126015 1.138694 1.151661 1.164924 1.178494 1.192383 1.206601 1.221160 1.236072 1.251351 1.267009 1.283062 1.299525 1.316413 1.333742 1.351531 1.369797 1.388561 1.407842 1.427662 1.448044 1.469012 1.490592 1.512811 1.535697 1.559280 1.583594 1.608672 1.634550 1.661267 1.688866 1.717388 1.746882 1.777398 1.808990 1.841714 1.875633 1.910813 1.947326 1.985246 2.024658 2.065651 2.108320 2.152770 2.199114 2.247475 2.297987 2.350794 2.406056 2.463947 2.524658 2.588397 2.655395 2.725906 2.800212 2.878623 2.961488 3.049192 3.142168 3.240900 3.345935 3.457887 3.577457 3.705439 3.842742 3.990409 4.149642 4.321838 4.508620 4.711897 4.933917 5.177352 5.445402 5.741926 6.071623 6.440269 6.855040 7.324956 7.861505 8.479538 9.198564 10.044699 11.053659 12.275493 13.782370 15.681907 18.141129 21.432135 26.025499 
x:0.000000 0.400000 0.800000 1.200000 1.600000 2.000000 
y:0.500000 -0.100000 0.020000 -0.004000 0.000800 -0.000160 
x:0.000000 0.050000 0.100000 0.150000 0.200000 0.250000 0.300000 0.350000 0.400000 0.450000 0.500000 0.550000 0.600000 0.650000 0.700000 0.750000 0.800000 0.850000 0.900000 0.950000 1.000000 1.050000 1.100000 1.150000 1.200000 1.250000 1.300000 1.350000 1.400000 1.450000 1.500000 1.550000 1.600000 1.650000 1.700000 1.750000 1.800000 1.850000 1.900000 1.950000 2.000000 
y:0.500000 0.425000 0.361250 0.307062 0.261003 0.221853 0.188575 0.160289 0.136245 0.115808 0.098437 0.083672 0.071121 0.060453 0.051385 0.043677 0.037126 0.031557 0.026823 0.022800 0.019380 0.016473 0.014002 0.011902 0.010116 0.008599 0.007309 0.006213 0.005281 0.004489 0.003815 0.003243 0.002757 0.002343 0.001992 0.001693 0.001439 0.001223 0.001040 0.000884 0.000751 
